PCL_ML-FA36_X100_FMEW_grid_09 :0.06925221547346411
PCL_ML-FA36_X100_FMEW_grid_07 :0.05535423071870534
PCL_ML-FA37_X100_FMEW_grid_01 :0.1614159673721407
PCL_ML-FA37_X100_FMEW_grid_06 :0.11230546091515285
PCL_ML-FA37_X100_FMEW_grid_08 :0.11230546091515285
PCL_ML-FA35_X100_FMEW_grid_03 :0.06685097338590439
PCL_ML-FA38_X100_FMEW_grid_05 :0.10560988009718994
PCL_ML-FA42_X100_FMEW_grid_09 :0.1981976606666823
PCL_ML-FA44_X100_FMEW_grid_07 :0.13470782614620258
PCL_ML-FA35_X100_FMEW_grid_04 :0.06885639085326933
PCL_ML-FA44_X100_FMEW_grid_09 :0.1987397109381387
PCL_ML-FA45_X100_FMEW_grid_08 :0.1987397109381387
PCL_ML-FA43_X100_FMEW_grid_06 :0.11579871455298922
PCL_ML-FA32_X100_FMEW_grid_05 :0.21471540868726469
PCL_ML-FA43_X100_FMEW_grid_01 :0.13849027243532488
PCL_ML-FA34_X100_FMEW_grid_02 :0.09231491676922081
PCL_ML-FA34_X100_FMEW_grid_05 :0.1693660816795145
PCL_ML-FA37_X100_FMEW_grid_09 :0.11922157435379875
PCL_ML-FA37_X100_FMEW_grid_07 :0.12009042871928964
PCL_ML-FA36_X100_FMEW_grid_06 :0.07304355995365296
PCL_ML-FA45_X100_FMEW_grid_07 :0.14176124859499004
PCL_ML-FA34_X100_FMEW_grid_04 :0.15319932231329272
PCL_ML-FA34_X100_FMEW_grid_03 :0.08272600358984586
PCL_ML-FA45_X100_FMEW_grid_09 :0.21577274702759755
PCL_ML-FA43_X100_FMEW_grid_07 :0.24202031557393505
PCL_ML-FA42_X100_FMEW_grid_01 :0.16330736590652153
PCL_ML-FA38_X100_FMEW_grid_04 :0.16064343924905042
PCL_ML-FA42_X100_FMEW_grid_08 :0.1598080335402073
PCL_ML-FA44_X100_FMEW_grid_06 :0.17211096651528612
PCL_ML-FA35_X100_FMEW_grid_05 :0.07757404084595068
PCL_ML-FA35_X100_FMEW_grid_02 :0.0709159858334131
PCL_ML-FA38_X100_FMEW_grid_03 :0.11125169517652111
PCL_ML-FA44_X100_FMEW_grid_01 :0.06814203163488203
PCL_ML-FA45_X100_FMEW_grid_03 :0.08289270560422014
PCL_ML-FA45_X100_FMEW_grid_04 :0.1250476578096873
PCL_ML-FA34_X100_FMEW_grid_07 :0.16189072145950428
PCL_ML-FA32_X100_FMEW_grid_07 :0.19428322458837388
PCL_ML-FA43_X100_FMEW_grid_03 :0.19133949191685912
PCL_ML-FA38_X100_FMEW_grid_09 :0.19053912232285147
PCL_ML-FA42_X100_FMEW_grid_02 :0.16109317839466322
PCL_ML-FA35_X100_FMEW_grid_01 :0.10309954677964066
PCL_ML-FA44_X100_FMEW_grid_02 :0.07062457482211476
PCL_ML-FA38_X100_FMEW_grid_07 :0.2772373013845999
PCL_ML-FA44_X100_FMEW_grid_05 :0.1330487250559264
PCL_ML-FA35_X100_FMEW_grid_06 :0.0802563212785114
PCL_ML-FA37_X100_FMEW_grid_03 :0.146201784536333
PCL_ML-FA37_X100_FMEW_grid_04 :0.11091330978505937
PCL_ML-FA36_X100_FMEW_grid_02 :0.07180176725386354
PCL_ML-FA36_X100_FMEW_grid_05 :0.0770558554781462
PCL_ML-FA41_X100_FMEW_grid_06 :0.07646766202152991
PCL_ML-FA38_X100_FMEW_grid_06 :0.10470933325524304
PCL_ML-FA44_X100_FMEW_grid_04 :0.13159236107523548
PCL_ML-FA35_X100_FMEW_grid_07 :0.08018594913294493
PCL_ML-FA38_X100_FMEW_grid_01 :0.07397230012419415
PCL_ML-FA44_X100_FMEW_grid_03 :0.07412420059458669
PCL_ML-FA42_X100_FMEW_grid_03 :0.18139171398675183
PCL_ML-FA38_X100_FMEW_grid_08 :0.18139171398675183
PCL_ML-FA32_X100_FMEW_grid_01 :0.24430047896208554
PCL_ML-FA43_X100_FMEW_grid_02 :0.2085219241825083
PCL_ML-FA45_X100_FMEW_grid_05 :0.13595149574277016
PCL_ML-FA34_X100_FMEW_grid_06 :0.15897647986322538
PCL_ML-FA32_X100_FMEW_grid_08 :0.15897647986322538
PCL_ML-FA34_X100_FMEW_grid_01 :0.1243229636466615
PCL_ML-FA45_X100_FMEW_grid_02 :0.07702672312917132
PCL_ML-FA36_X100_FMEW_grid_04 :0.11992693825259708
PCL_ML-FA36_X100_FMEW_grid_03 :0.09502677643673567
PCL_ML-FA37_X100_FMEW_grid_05 :0.14092565024459142
PCL_ML-FA37_X100_FMEW_grid_02 :0.15188797566061754
