PCL_MR37_x100_FMEW_grid_02 :0.141537084333707
PCL_MR19_x100_FMEW_grid_01 :0.05910194851213938
PCL_MR28_x100_FMEW_grid_01 :0.06121250380259227
PCL_MR31_x100_FMEW_grid_02 :0.18095663304580384
PCL_MR30_x100_FMEW_grid_03 :0.20433528496720785
PCL_MR36_x100_FMEW_grid_03 :0.09086975507917106
PCL_MR22_x100_FMEW_grid_01 :0.07195864098056069
PCL_MR32_x100_FMEW_grid_01 :0.14852390013880337
PCL_MR34_x100_FMEW_grid_01 :0.11586182529313646
PCL_MR20_x100_FMEW_grid_03 :0.08139830502023959
PCL_MR21_x100_FMEW_grid_02 :0.10587952636517414
PCL_MR27_x100_FMEW_grid_02 :0.1431148557930733
PCL_MR36_x100_FMEW_grid_02 :0.1097797863441212
PCL_MR18_x100_FMEW_grid_01 :0.092288
PCL_MR30_x100_FMEW_grid_02 :0.09964843771832912
PCL_MR29_x100_FMEW_grid_01 :0.10461326644159862
PCL_MR31_x100_FMEW_grid_03 :0.1998776819481022
PCL_MR25_x100_FMEW_grid_01 :0.09137994628376096
PCL_MR23_x100_FMEW_grid_01 :0.09436271593269666
PCL_MR37_x100_FMEW_grid_03 :0.2034295481487608
PCL_MR33_x100_FMEW_grid_01 :0.17007310059394232
PCL_MR27_x100_FMEW_grid_03 :0.16170345450069745
PCL_MR21_x100_FMEW_grid_03 :0.12233541595169704
PCL_MR35_x100_FMEW_grid_01 :0.23298088418956697
PCL_MR26_x100_FMEW_grid_02 :0.06698358850749156
PCL_MR33_x100_FMEW_grid_02 :0.1097687040399122
PCL_MR35_x100_FMEW_grid_02 :0.15578503696708426
PCL_MR34_x100_FMEW_grid_03 :0.08876043083158418
PCL_MR20_x100_FMEW_grid_01 :0.05598713914570372
PCL_MR26_x100_FMEW_grid_01 :0.0922589027278309
PCL_MR32_x100_FMEW_grid_03 :0.15417567817160288
PCL_MR36_x100_FMEW_grid_01 :0.1159003211841593
PCL_MR24_x100_FMEW_grid_03 :0.08338898653425396
PCL_MR29_x100_FMEW_grid_02 :0.20359286385752506
PCL_MR30_x100_FMEW_grid_01 :0.08107061477847995
PCL_MR25_x100_FMEW_grid_02 :0.12767507782202667
PCL_MR28_x100_FMEW_grid_03 :0.22321815404026968
PCL_MR19_x100_FMEW_grid_03 :0.10941267620723011
PCL_MR23_x100_FMEW_grid_02 :0.16973670608395197
PCL_MR32_x100_FMEW_grid_02 :0.18696591107668875
PCL_MR34_x100_FMEW_grid_02 :0.12172463030085173
PCL_MR21_x100_FMEW_grid_01 :0.07803407231437566
PCL_MR35_x100_FMEW_grid_03 :0.1540505554197252
PCL_MR33_x100_FMEW_grid_03 :0.15839467878075802
PCL_MR27_x100_FMEW_grid_01 :0.09202898430596977
PCL_MR23_x100_FMEW_grid_03 :0.148350427992311
PCL_MR37_x100_FMEW_grid_01 :0.08734048279905786
PCL_MR19_x100_FMEW_grid_02 :0.10787810860964486
PCL_MR31_x100_FMEW_grid_01 :0.22616005010995843
PCL_MR25_x100_FMEW_grid_03 :0.10673982485219126
PCL_MR28_x100_FMEW_grid_02 :0.15922505990298638
PCL_MR24_x100_FMEW_grid_02 :0.09486868117648681
PCL_MR29_x100_FMEW_grid_03 :0.18745246564082077
PCL_MR18_x100_FMEW_grid_03 :0.08222720693652721



























