PCL_ML-FA6_X100_FMEW_grid_02 :0.24605516375717953
PCL_ML-FA7_X100_FMEW_grid_03 :0.22247533452091736
PCL_ML-FA11_X100_FMEW_grid_06 :0.12065074595803904
PCL_ML-FA1_X100_FMEW_grid_03 :0.07742675343053554
PCL_ML-FA11_X100_FMEW_grid_01 :0.17982482158648347
PCL_ML-FA13_X100_FMEW_grid_04 :0.09398231599242832
PCL_ML-FA9_X100_FMEW_grid_01 :0.11640234706381375
PCL_ML-FA1_X100_FMEW_grid_02 :0.11336279486775627
PCL_ML-FA6_X100_FMEW_grid_03 :0.1292918379570564
PCL_ML-FA10_X100_FMEW_grid_01 :0.16297503771721383
PCL_ML-FA4_X100_FMEW_grid_01 :0.10559390455990178
PCL_ML-FA2_X100_FMEW_grid_01 :0.09909532958707587
PCL_ML-FA13_X100_FMEW_grid_05 :0.1350740138133613
PCL_ML-FA8_X100_FMEW_grid_01 :0.2074316887524081
PCL_ML-FA4_X100_FMEW_grid_02 :0.11611931104454537
PCL_ML-FA9_X100_FMEW_grid_03 :0.12501173532614818
PCL_ML-FA8_X100_FMEW_grid_02 :0.15207645788279658
PCL_ML-FA11_X100_FMEW_grid_04 :0.13028400658318684
PCL_ML-FA1_X100_FMEW_grid_01 :0.09560580875754389
PCL_ML-FA11_X100_FMEW_grid_03 :0.21404395271568968
PCL_ML-FA7_X100_FMEW_grid_01 :0.15602258931638255
PCL_ML-FA10_X100_FMEW_grid_02 :0.19259620994951673
PCL_ML-FA8_X100_FMEW_grid_03 :0.21988237317282888
PCL_ML-FA2_X100_FMEW_grid_03 :0.09336497024265991
PCL_ML-FA4_X100_FMEW_grid_03 :0.08493932727125415
PCL_ML-FA9_X100_FMEW_grid_02 :0.11981212224191082
PCL_ML-FA10_X100_FMEW_grid_03 :0.19895948975815755
PCL_ML-FA6_X100_FMEW_grid_01 :0.21361673548064505
PCL_ML-FA11_X100_FMEW_grid_02 :0.23502311795759795
PCL_ML-FA11_X100_FMEW_grid_05 :0.15431588864160783
