PCL_ML-FA39_X100_FMEW_grid_09 :0.1524860664601066
PCL_ML-FA39_X100_FMEW_grid_07 :0.14574747454077908
PCL_ML-FA33_X100_FMEW_grid_09 :0.0644009094286877
PCL_ML-FA33_X100_FMEW_grid_07 :0.09961850805833125
PCL_ML-FA40_X100_FMEW_grid_08 :0.09270431301323971
PCL_ML-FA28_X100_FMEW_grid_01 :0.11610424487155613
PCL_ML-FA31_X100_FMEW_grid_05 :0.14696387560845262
PCL_ML-FA40_X100_FMEW_grid_06 :0.22098125727408824
PCL_ML-FA40_X100_FMEW_grid_01 :0.17353414568880476
PCL_ML-FA28_X100_FMEW_grid_06 :0.10674776247349524
PCL_ML-FA31_X100_FMEW_grid_02 :0.10422186817177506
PCL_ML-FA29_X100_FMEW_grid_07 :0.16644931594527562
PCL_ML-FA29_X100_FMEW_grid_09 :0.08507975732230828
PCL_ML-FA33_X100_FMEW_grid_01 :0.11690665143680602
PCL_ML-FA33_X100_FMEW_grid_08 :0.11687874499412845
PCL_ML-FA39_X100_FMEW_grid_06 :0.17212240062604586
PCL_ML-FA39_X100_FMEW_grid_01 :0.1352918655106003
PCL_ML-FA39_X100_FMEW_grid_08 :0.1352918655106003
PCL_ML-FA29_X100_FMEW_grid_08 :0.1352918655106003
PCL_ML-FA29_X100_FMEW_grid_06 :0.09909155719672862
PCL_ML-FA29_X100_FMEW_grid_01 :0.10030571538911291
PCL_ML-FA31_X100_FMEW_grid_03 :0.10791864862206578
PCL_ML-FA31_X100_FMEW_grid_04 :0.19408371954787357
PCL_ML-FA40_X100_FMEW_grid_07 :0.1994066296288441
PCL_ML-FA40_X100_FMEW_grid_09 :0.08629999973748251
PCL_ML-FA30_X100_FMEW_grid_08 :0.08629999973748251
PCL_ML-FA29_X100_FMEW_grid_02 :0.10475072045755504
PCL_ML-FA29_X100_FMEW_grid_05 :0.17290569381818036
PCL_ML-FA28_X100_FMEW_grid_03 :0.17478482508957927
PCL_ML-FA31_X100_FMEW_grid_07 :0.11229818582813339
PCL_ML-FA40_X100_FMEW_grid_04 :0.1259109165431941
PCL_ML-FA28_X100_FMEW_grid_04 :0.15267468450401095
PCL_ML-FA31_X100_FMEW_grid_09 :0.22065556161189012
PCL_ML-FA39_X100_FMEW_grid_05 :0.1327891776609184
PCL_ML-FA31_X100_FMEW_grid_08 :0.2548841004211194
PCL_ML-FA40_X100_FMEW_grid_02 :0.25309074774079043
PCL_ML-FA28_X100_FMEW_grid_05 :0.2312364687109156
PCL_ML-FA31_X100_FMEW_grid_01 :0.1103215486747044
PCL_ML-FA28_X100_FMEW_grid_02 :0.22061190390779814
PCL_ML-FA40_X100_FMEW_grid_05 :0.143841145464248
PCL_ML-FA29_X100_FMEW_grid_04 :0.16697981549391927
PCL_ML-FA29_X100_FMEW_grid_03 :0.1191338223976358
PCL_ML-FA39_X100_FMEW_grid_04 :0.14420098813291676
PCL_ML-FA39_X100_FMEW_grid_03 :0.2298218102084432
PCL_ML-FA31_X100_FMEW_grid_06 :0.24525847583275676
