PCL_ML-FA37_X100_FMEW_grid_01 :0.17044276266995165
PCL_ML-FA37_X100_FMEW_grid_06 :0.14233884184955628
PCL_ML-FA37_X100_FMEW_grid_08 :0.14233884184955628
PCL_ML-FA35_X100_FMEW_grid_03 :0.07515190234379285
PCL_ML-FA38_X100_FMEW_grid_05 :0.12275733102065152
PCL_ML-FA42_X100_FMEW_grid_09 :0.20201750518967404
PCL_ML-FA44_X100_FMEW_grid_07 :0.11729342455985467
PCL_ML-FA35_X100_FMEW_grid_04 :0.08351352428974092
PCL_ML-FA44_X100_FMEW_grid_09 :0.20632379009331417
PCL_ML-FA45_X100_FMEW_grid_08 :0.20632379009331417
PCL_ML-FA43_X100_FMEW_grid_06 :0.12651253704772703
PCL_ML-FA32_X100_FMEW_grid_05 :0.25652492524715875
PCL_ML-FA43_X100_FMEW_grid_01 :0.17445962599178313
PCL_ML-FA34_X100_FMEW_grid_02 :0.11410371618628484
PCL_ML-FA45_X100_FMEW_grid_01 :0.08585230584453432
PCL_ML-FA45_X100_FMEW_grid_06 :0.06355760749644129
PCL_ML-FA43_X100_FMEW_grid_08 :0.06355760749644129
PCL_ML-FA34_X100_FMEW_grid_05 :0.18085188390664036
PCL_ML-FA37_X100_FMEW_grid_09 :0.12511575982848516
PCL_ML-FA37_X100_FMEW_grid_07 :0.113840838146646
PCL_ML-FA45_X100_FMEW_grid_07 :0.16107470293939466
PCL_ML-FA43_X100_FMEW_grid_09 :0.2834644496096311
PCL_ML-FA34_X100_FMEW_grid_04 :0.15242977590178153
PCL_ML-FA34_X100_FMEW_grid_03 :0.11679429974497707
PCL_ML-FA45_X100_FMEW_grid_09 :0.19005876048634465
PCL_ML-FA43_X100_FMEW_grid_07 :0.20653921743791318
PCL_ML-FA42_X100_FMEW_grid_01 :0.1929572781585524
PCL_ML-FA38_X100_FMEW_grid_04 :0.17681927379194715
PCL_ML-FA42_X100_FMEW_grid_08 :0.17177448281323512
PCL_ML-FA44_X100_FMEW_grid_06 :0.1731685885343478
PCL_ML-FA35_X100_FMEW_grid_05 :0.09327899761774174
PCL_ML-FA35_X100_FMEW_grid_02 :0.08188978976536745
PCL_ML-FA38_X100_FMEW_grid_03 :0.11347909743999639
PCL_ML-FA44_X100_FMEW_grid_01 :0.1024645042771931
PCL_ML-FA45_X100_FMEW_grid_03 :0.09435370201475832
PCL_ML-FA45_X100_FMEW_grid_04 :0.1302803165202921
PCL_ML-FA34_X100_FMEW_grid_07 :0.1996752798233054
PCL_ML-FA34_X100_FMEW_grid_09 :0.18068696993983183
PCL_ML-FA32_X100_FMEW_grid_07 :0.19777653448666047
PCL_ML-FA38_X100_FMEW_grid_09 :0.22169690753538954
PCL_ML-FA42_X100_FMEW_grid_02 :0.18117369664400484
PCL_ML-FA35_X100_FMEW_grid_01 :0.08051435385765393
PCL_ML-FA44_X100_FMEW_grid_02 :0.09124010535205622
PCL_ML-FA38_X100_FMEW_grid_07 :0.25230902284350254
PCL_ML-FA44_X100_FMEW_grid_05 :0.13485044799364118
PCL_ML-FA35_X100_FMEW_grid_06 :0.0915166834827836
PCL_ML-FA37_X100_FMEW_grid_03 :0.15214760489698614
PCL_ML-FA37_X100_FMEW_grid_04 :0.10849993020197345
PCL_ML-FA41_X100_FMEW_grid_06 :0.1141435163975316
PCL_ML-FA38_X100_FMEW_grid_06 :0.1275093803982076
PCL_ML-FA44_X100_FMEW_grid_04 :0.14568193048661884
PCL_ML-FA35_X100_FMEW_grid_07 :0.10357567862744754
PCL_ML-FA44_X100_FMEW_grid_03 :0.07886272779628252
PCL_ML-FA42_X100_FMEW_grid_03 :0.12501899498532387
PCL_ML-FA38_X100_FMEW_grid_08 :0.12501899498532387
PCL_ML-FA32_X100_FMEW_grid_01 :0.21964783579255473
PCL_ML-FA43_X100_FMEW_grid_02 :0.27102946590226545
PCL_ML-FA45_X100_FMEW_grid_05 :0.18204960420096897
PCL_ML-FA34_X100_FMEW_grid_01 :0.1192591748946497
PCL_ML-FA45_X100_FMEW_grid_02 :0.11961094414274775
PCL_ML-FA37_X100_FMEW_grid_05 :0.14328784281740195
PCL_ML-FA37_X100_FMEW_grid_02 :0.13553725967653368
