PCL_ML-FA21_X100_FMEW_grid_03 :0.27526107521053567
PCL_ML-FA16_X100_FMEW_grid_03 :0.1943764357393302
PCL_ML-FA27_X100_FMEW_grid_04 :0.12267101572386338
PCL_ML-FA27_X100_FMEW_grid_03 :0.15201870151572053
PCL_ML-FA26_X100_FMEW_grid_05 :0.138518953355919
PCL_ML-FA26_X100_FMEW_grid_02 :0.12459625030670898
PCL_ML-FA23_X100_FMEW_grid_01 :0.27304461498492766
PCL_ML-FA23_X100_FMEW_grid_06 :0.2722403272460152
PCL_ML-FA25_X100_FMEW_grid_06 :0.17518969313897037
PCL_ML-FA25_X100_FMEW_grid_01 :0.243403277023221
PCL_ML-FA17_X100_FMEW_grid_03 :0.3079028147804935
PCL_ML-FA26_X100_FMEW_grid_03 :0.1352571675888126
PCL_ML-FA26_X100_FMEW_grid_04 :0.16995430800653125
PCL_ML-FA27_X100_FMEW_grid_02 :0.1901205942463756
PCL_ML-FA27_X100_FMEW_grid_05 :0.1830768922947638
PCL_ML-FA21_X100_FMEW_grid_02 :0.1474540027930918
PCL_ML-FA19_X100_FMEW_grid_01 :0.16742700952995654
PCL_ML-FA15_X100_FMEW_grid_01 :0.20239682346380888
PCL_ML-FA22_X100_FMEW_grid_01 :0.22460856681394076
PCL_ML-FA24_X100_FMEW_grid_01 :0.22990049843428634
PCL_ML-FA24_X100_FMEW_grid_06 :0.1870951766100076
PCL_ML-FA25_X100_FMEW_grid_04 :0.16808586388118593
PCL_ML-FA25_X100_FMEW_grid_03 :0.16269795607826704
PCL_ML-FA23_X100_FMEW_grid_03 :0.2547183985761012
PCL_ML-FA23_X100_FMEW_grid_04 :0.16322815111117306
PCL_ML-FA19_X100_FMEW_grid_02 :0.16332868046494017
PCL_ML-FA22_X100_FMEW_grid_02 :0.18232752480888847
PCL_ML-FA24_X100_FMEW_grid_05 :0.09459632514447354
PCL_ML-FA27_X100_FMEW_grid_06 :0.1951002929367911
PCL_ML-FA21_X100_FMEW_grid_01 :0.14981072903233975
PCL_ML-FA24_X100_FMEW_grid_04 :0.22942120022842094
PCL_ML-FA22_X100_FMEW_grid_03 :0.2452247120025704
PCL_ML-FA23_X100_FMEW_grid_05 :0.2941651550329125
PCL_ML-FA19_X100_FMEW_grid_03 :0.24967879578850563
PCL_ML-FA14_X100_FMEW_grid_02 :0.26952474776641644
PCL_ML-FA23_X100_FMEW_grid_02 :0.28025057211857884
PCL_ML-FA25_X100_FMEW_grid_02 :0.279724192986644
PCL_ML-FA25_X100_FMEW_grid_05 :0.2877622868018187
PCL_ML-FA26_X100_FMEW_grid_01 :0.12408407115798116
PCL_ML-FA26_X100_FMEW_grid_06 :0.11130437878882292
