PCL_ML-FA6_X100_FMEW_grid_02 :0.27847368228046154
PCL_ML-FA7_X100_FMEW_grid_03 :0.25162163841473195
PCL_ML-FA11_X100_FMEW_grid_06 :0.11192042975666057
PCL_ML-FA1_X100_FMEW_grid_03 :0.09644844964910619
PCL_ML-FA11_X100_FMEW_grid_01 :0.18730007168182625
PCL_ML-FA13_X100_FMEW_grid_04 :0.08256733013115164
PCL_ML-FA9_X100_FMEW_grid_01 :0.11660690112635208
PCL_ML-FA1_X100_FMEW_grid_02 :0.07362886338410134
PCL_ML-FA6_X100_FMEW_grid_03 :0.17712118431516485
PCL_ML-FA4_X100_FMEW_grid_01 :0.06220159802769974
PCL_ML-FA12_X100_FMEW_grid_03 :0.06613126264867956
PCL_ML-FA2_X100_FMEW_grid_01 :0.08869868798918858
PCL_ML-FA13_X100_FMEW_grid_05 :0.12320569240622121
PCL_ML-FA8_X100_FMEW_grid_01 :0.24842977121513637
PCL_ML-FA4_X100_FMEW_grid_02 :0.06912817947800291
PCL_ML-FA9_X100_FMEW_grid_03 :0.12141815621946421
PCL_ML-FA8_X100_FMEW_grid_02 :0.253706242152673
PCL_ML-FA11_X100_FMEW_grid_04 :0.09302742535527943
PCL_ML-FA1_X100_FMEW_grid_01 :0.08343364521208363
PCL_ML-FA11_X100_FMEW_grid_03 :0.20961135571040876
PCL_ML-FA10_X100_FMEW_grid_02 :0.1435246519472443
PCL_ML-FA8_X100_FMEW_grid_03 :0.28212347334697363
PCL_ML-FA2_X100_FMEW_grid_03 :0.09448999677043618
PCL_ML-FA4_X100_FMEW_grid_03 :0.14524670084895352
PCL_ML-FA9_X100_FMEW_grid_02 :0.1127967505124658
PCL_ML-FA10_X100_FMEW_grid_03 :0.19098036875708574
PCL_ML-FA6_X100_FMEW_grid_01 :0.26311131638577445
PCL_ML-FA11_X100_FMEW_grid_02 :0.2712233911604364
PCL_ML-FA11_X100_FMEW_grid_05 :0.1573666072927449

