PCL_MR32_x100_FMEW_grid_01 :0.14852390013880337
PCL_MR37_x100_FMEW_grid_02 :0.141537084333707
PCL_MR31_x100_FMEW_grid_02 :0.18095663304580384
PCL_MR28_x100_FMEW_grid_01 :0.06121250380259227
PCL_MR30_x100_FMEW_grid_03 :0.20433528496720785
PCL_MR36_x100_FMEW_grid_03 :0.09086975507917106
PCL_MR33_x100_FMEW_grid_01 :0.17007310059394232
PCL_MR35_x100_FMEW_grid_01 :0.23298088418956697
PCL_MR29_x100_FMEW_grid_01 :0.10461326644159862
PCL_MR30_x100_FMEW_grid_02 :0.09964843771832912
PCL_MR31_x100_FMEW_grid_03 :0.1998776819481022
PCL_MR37_x100_FMEW_grid_03 :0.2034295481487608
PCL_MR30_x100_FMEW_grid_01 :0.08107061477847995
PCL_MR29_x100_FMEW_grid_02 :0.20359286385752506
PCL_MR28_x100_FMEW_grid_03 :0.22321815404026968
PCL_MR35_x100_FMEW_grid_02 :0.15578503696708426
PCL_MR34_x100_FMEW_grid_03 :0.08876043083158418
PCL_MR32_x100_FMEW_grid_03 :0.15417567817160288
PCL_MR37_x100_FMEW_grid_01 :0.08734048279905786
PCL_MR28_x100_FMEW_grid_02 :0.15922505990298638
PCL_MR31_x100_FMEW_grid_01 :0.22616005010995843
PCL_MR29_x100_FMEW_grid_03 :0.18745246564082077
PCL_MR32_x100_FMEW_grid_02 :0.18696591107668875
PCL_MR34_x100_FMEW_grid_02 :0.12172463030085173
PCL_MR35_x100_FMEW_grid_03 :0.1540505554197252
PCL_MR33_x100_FMEW_grid_03 :0.15839467878075802
